-2.972950704261862143e+01
-2.975744318387492626e+01
-2.976442766423795661e+01
-2.977994724087629663e+01
-2.978925973519130821e+01
-2.980633137274051236e+01
-2.981641987128703164e+01
-2.983426752320576725e+01
-2.984358000556405699e+01
-2.986065165684685496e+01
-2.987384327653981231e+01
-2.987306816689467936e+01
-2.988082768453980975e+01
-2.987384509526665610e+01
-2.989401931233827270e+01
-2.989479620949354199e+01
-2.990721182380780618e+01
-2.991885143934359803e+01
-2.992273235380364937e+01
-2.991962983089266004e+01
-2.993514796508150866e+01
-2.993592541745182700e+01
-2.994989248398391624e+01
-2.995222199983270173e+01
-2.996230810659418609e+01
-2.996541357082339019e+01
-2.996929460421241487e+01
-2.997627661364250784e+01
-2.998171014487907726e+01
-2.998093212015073306e+01
-2.998636559810544355e+01
-2.999257313018280513e+01
-2.999567867101750807e+01
-2.999645264280289325e+01
-3.000499018636489978e+01
-3.001507773726500261e+01
-3.001740732891712327e+01
-3.002128528105821204e+01
-3.002594282098097977e+01
-3.002361277241807258e+01
-3.003447833288338487e+01
-3.004301387224461095e+01
-3.004999948624868011e+01
-3.004922140979657996e+01
-3.005620695971919787e+01
-3.006396647572880454e+01
-3.007328016878079779e+01
-3.007172601188709393e+01
-3.008103963554908944e+01
-3.008336657330525199e+01
-3.009423226708118193e+01
-3.009035010411127331e+01
-3.010121573410427231e+01
-3.010121511390428140e+01
-3.011363288216094602e+01
-3.010587060706231455e+01
-3.012061632497362496e+01
-3.011130213376620901e+01
-3.012527177598167683e+01
-3.013070324878938422e+01
-3.014855305062545554e+01
-3.013303073793441200e+01
-3.015088046367014840e+01
-3.015631192099395008e+01
-3.015941538634294972e+01
-3.017881718853390183e+01
-3.016251887084851901e+01
-3.018424862018373034e+01
-3.018502405211782502e+01
-3.018890352321020032e+01
-3.021140933897260084e+01
-3.021373675591906149e+01
-3.021606419795464404e+01
-3.023701738529405247e+01
-3.023934480333147690e+01
-3.023856823272412697e+01
-3.026883353047997360e+01
-3.026883293938129782e+01
-3.030220230645670654e+01
-3.030064967743303583e+01
-3.029909707695462018e+01
-3.033324244782754064e+01
-3.036971665342715099e+01
-3.032004916951495233e+01
-3.039532476653906556e+01
-3.035264191041100190e+01
-3.038290724021163669e+01
-3.042636557497291960e+01
-3.038057858937390776e+01
-3.042326080778663666e+01
-3.041860407044203640e+01
-3.041549938320630275e+01
-3.046206173053023747e+01
-3.041239472687754386e+01
-3.045818096172344980e+01
-3.045274822563753858e+01
-3.048223706816274614e+01
-3.047525232614977853e+01
-3.050396515935999275e+01
-3.049853242717047763e+01
-3.052802126570172447e+01
-3.052026051879909474e+01
-3.056371809144791740e+01
-3.057613414900832538e+01
-3.057846141254978889e+01
-3.061027829579511916e+01
-3.064597444477694310e+01
-3.074297648646384573e+01
-3.077324053697224571e+01
-3.079807264220410445e+01
-3.085549443632553590e+01
-3.310667126055966492e+01
-2.962474509239972065e+01
-2.968449722040644190e+01
-2.971165733039668311e+01
-2.975123346539760050e+01
-2.976520152051722334e+01
-2.977839357140535270e+01
-3.001119901435157544e+01
-2.992350815223816696e+01
-2.995299627188895641e+01
-3.001274964367843268e+01
-2.997938036386930705e+01
-3.009966328539066538e+01
-3.005853382854058964e+01
-3.007250186582326990e+01
-3.016096751838211532e+01
-3.020209560741825783e+01
-3.044421312425321346e+01
-3.038135517566814059e+01
-3.032548146579341264e+01
-3.041394730740196550e+01
-3.051017333445271618e+01
-3.054509348869516572e+01
-3.064907967095779640e+01
-3.065606358619718463e+01
-3.058854956207646580e+01
-3.069486375923904831e+01
-3.072745585892982945e+01
-3.076237598783849236e+01
-2.995842951822094591e+01
-2.997938158245552387e+01
-3.003370171464140626e+01
-2.479408116113078719e+01
-2.482434528143148000e+01
-2.484141734657529810e+01
-2.486857744262376713e+01
-2.489651355098009589e+01
-2.490194513751811201e+01
-2.490039387836793594e+01
-2.491668957018682562e+01
-2.492988124404475769e+01
-2.492832998385485865e+01
-2.494462567717171453e+01
-2.495781809774764426e+01
-2.497023376917331206e+01
-2.498575420244679890e+01
-2.499739387125697476e+01
-2.500515421146928574e+01
-2.501756988822707584e+01
-2.502688270954642036e+01
-2.503309031233705895e+01
-2.504240196734480861e+01
-2.505481880525184479e+01
-2.505869839740908134e+01
-2.508197889836826988e+01
-2.508741050387277127e+01
-2.510293091711129065e+01
-2.512931500060390277e+01
-2.518208360560120695e+01
-2.382639774549258505e+01
-2.384890225333747793e+01
-2.385743784618193075e+01
-2.386830146896106442e+01
-2.387528508976815544e+01
-2.388071835700898404e+01
-2.388770193738615077e+01
-2.389623755186917364e+01
-2.390399887904979082e+01
-2.389778910332510264e+01
-2.390632638233433482e+01
-2.390089271259951431e+01
-2.391874156787056194e+01
-2.392960690483220532e+01
-2.392572519397894482e+01
-2.393581447153440678e+01
-2.394047004908185627e+01
-2.395521545390884199e+01
-2.394745365603780840e+01
-2.396219900771325229e+01
-2.395210927076945495e+01
-2.396685456626524768e+01
-2.397228614867344731e+01
-2.398935955919614216e+01
-2.397694174721191018e+01
-2.399323909688667911e+01
-2.399711865666817090e+01
-2.400022222988344822e+01
-2.402039965123429610e+01
-2.400410182591032537e+01
-2.402427919493884900e+01
-2.402039867469173018e+01
-2.403902318040611519e+01
-2.403979872906676718e+01
-2.404367831094658925e+01
-2.406928774318205910e+01
-2.406928726934064144e+01
-2.406928681822042648e+01
-2.409955232688342619e+01
-2.410032783393473466e+01
-2.410110336581807289e+01
-2.413214493180321085e+01
-2.410032690781566345e+01
-2.413214441965676826e+01
-2.413136792494180582e+01
-2.413136745369114422e+01
-2.416473702958642633e+01
-2.416396051555675939e+01
-2.419965823944392014e+01
-2.415619994022674888e+01
-2.419267358809220525e+01
-2.419112104686499265e+01
-2.418956852944045011e+01
-2.422837026062645549e+01
-2.421284910838088678e+01
-2.421129659484799390e+01
-2.425242632782589070e+01
-2.424932175010722801e+01
-2.424544120518338985e+01
-2.429200303543973760e+01
-2.424311268690418686e+01
-2.428734642385816045e+01
-2.426794526881770153e+01
-2.431528310026042305e+01
-2.431140249242903550e+01
-2.428967333080181845e+01
-2.433933916345006310e+01
-2.431760994586377223e+01
-2.430441731311563558e+01
-2.435718714928227158e+01
-2.435097854534436124e+01
-2.434244195300513880e+01
-2.443478867094874118e+01
-2.439288325682271363e+01
-2.440374728695581652e+01
-2.441538731554889097e+01
-2.441926673255947833e+01
-2.449764483956132821e+01
-2.445185942035142546e+01
-2.455196492360579796e+01
-2.456438095849234315e+01
-2.461404509097514293e+01
-2.470639160879698082e+01
-2.462568512034365042e+01
-2.471958364316080647e+01
-2.477312777880698746e+01
-2.477855972288840647e+01
-2.481968784211449730e+01
-2.483210385989124447e+01
-2.484607190254905618e+01
-2.497178599562905532e+01
-2.501989805245013088e+01
-2.384579798897073033e+01
-2.389313302544208995e+01
-2.396530221975365649e+01
-2.397461420100330542e+01
-2.393115705409195471e+01
-2.401884628518115505e+01
-2.427725855412271372e+01
-2.414300767226324496e+01
-2.430985062606976399e+01
-2.417559975222255986e+01
-2.426251314935523595e+01
-2.428889714411931777e+01
-2.438667471611785231e+01
-2.450695640251974794e+01
-2.454110047529552929e+01
-2.509594716981037621e+01
-2.513474725632756801e+01
-2.390554905042294109e+01
-2.412981558530596971e+01
-1.984159821695048009e+01
-1.987031028710038072e+01
-1.987574259530287435e+01
-1.989824635348892912e+01
-1.990600667008634872e+01
-1.992773442872267609e+01
-1.992851068167236761e+01
-1.995023844293487159e+01
-1.995489473712560979e+01
-1.997584649859869543e+01
-1.998748621948226400e+01
-1.999291853765778981e+01
-1.997972746805371358e+01
-2.000455825680125699e+01
-2.000223085261607991e+01
-2.001775058912762617e+01
-2.000921553544804965e+01
-2.003094231838320383e+01
-2.003792663694020604e+01
-2.003016758193401259e+01
-2.004025429091234400e+01
-2.003404721452589143e+01
-2.004258289665686377e+01
-2.003792789118996609e+01
-2.005810264049039304e+01
-2.005267159098360708e+01
-2.006353528429218613e+01
-2.006974295820899812e+01
-2.006663995416178636e+01
-2.008371069706733181e+01
-2.008371166459578205e+01
-2.009224734640017118e+01
-2.008681635443378966e+01
-2.009923102863401212e+01
-2.010000803554440907e+01
-2.011164772112718069e+01
-2.012018341133265409e+01
-2.011708041952601178e+01
-2.012561508434181690e+01
-2.012949609910711146e+01
-2.013880777965853142e+01
-2.013880883869595806e+01
-2.014035940286656512e+01
-2.014191243044613699e+01
-2.015200010240908668e+01
-2.016208778811798297e+01
-2.016441685364525327e+01
-2.016674346226839987e+01
-2.017217649631403731e+01
-2.018148816609839358e+01
-2.018769728616946324e+01
-2.019002384717632026e+01
-2.019545691661116393e+01
-2.020321656238652253e+01
-2.021020022638022695e+01
-2.021873734819630997e+01
-2.021873591041622120e+01
-2.022649698547690633e+01
-2.023270462707853312e+01
-2.024434580066775169e+01
-2.023968828971431577e+01
-2.025132942014728954e+01
-2.025831305351289302e+01
-2.025676063133239069e+01
-2.026995380780953582e+01
-2.026141628605760303e+01
-2.027616142256970022e+01
-2.028236905238795984e+01
-2.029944228759558200e+01
-2.028702469552661114e+01
-2.030254587579110748e+01
-2.030875348997750507e+01
-2.031185711286851259e+01
-2.032815353027408634e+01
-2.033125715079086859e+01
-2.035686598410163839e+01
-2.035996959428407038e+01
-2.038325089277670443e+01
-2.036074520953123468e+01
-2.038790646458735978e+01
-2.038945805185342053e+01
-2.038402559469513164e+01
-2.041196290067995989e+01
-2.041429047137156516e+01
-2.041429005247049133e+01
-2.041351365015076880e+01
-2.044455496156690089e+01
-2.044610653230452968e+01
-2.047869996972636386e+01
-2.044610611437668268e+01
-2.047792302649535756e+01
-2.047869859621233601e+01
-2.051439603719994764e+01
-2.047637017157558503e+01
-2.051361954976960789e+01
-2.051206709389516902e+01
-2.055164461434592482e+01
-2.055009210739776293e+01
-2.053457113612808271e+01
-2.057647666056451285e+01
-2.052603464041202841e+01
-2.056716408565427656e+01
-2.058966812793034862e+01
-2.058578763915076593e+01
-2.058268317988010665e+01
-2.063079671192053155e+01
-2.065407674920133729e+01
-2.064786823616408995e+01
-2.064243574866644693e+01
-2.072934999477777041e+01
-2.068899682036372667e+01
-2.068278830023875514e+01
-2.075418204080307660e+01
-2.069365232082411055e+01
-2.076116600275022961e+01
-2.069908428425110003e+01
-2.077280602109997076e+01
-2.073012484145233358e+01
-2.082324610590795899e+01
-2.077746092857563553e+01
-2.081160552249702533e+01
-2.084730215410616339e+01
-2.089696623814527499e+01
-1.978339715463885895e+01
-1.985944520943187896e+01
-1.988582924687912623e+01
-1.992618130475485216e+01
-2.005034368621020491e+01
-1.994014932183588584e+01
-2.006586370733828062e+01
-2.007983173337240501e+01
-2.010233570441474171e+01
-2.015975977026027977e+01
-2.023115277093537046e+01
-2.019157582444083232e+01
-2.026141680932942535e+01
-2.021873585356464886e+01
-2.029168084256491511e+01
-2.031418481522803887e+01
-2.039178587315231539e+01
-2.034600087616586350e+01
-2.055397229634606049e+01
-2.049421904845745601e+01
-2.058811634343716435e+01
-2.054233111872822093e+01
-2.057337115325092469e+01
-2.067347645395541278e+01
-2.060673920215887023e+01
-2.078987782695228859e+01
-2.073245246301416245e+01
-2.083876584565345880e+01
-2.014035985286239949e+01
-2.016208787582896633e+01
-2.036928193841603019e+01
-2.040885797702765814e+01
-1.610512982165542439e+01
-1.615789786533417782e+01
-1.616333011843181566e+01
-1.618583390303626857e+01
-1.619049014925431607e+01
-1.621376994078755729e+01
-1.621997819231905780e+01
-1.624170598046708491e+01
-1.623394647737145391e+01
-1.624170618350111184e+01
-1.626188196760512383e+01
-1.625955447926049047e+01
-1.627041822130998483e+01
-1.628826599967682043e+01
-1.627429877174987283e+01
-1.628826651583905516e+01
-1.630689002287880385e+01
-1.629680280221021960e+01
-1.630766654150725969e+01
-1.631697827847200699e+01
-1.633405005987708591e+01
-1.632318683140454851e+01
-1.633793058140856758e+01
-1.634413830967574910e+01
-1.633560312018712324e+01
-1.635189803640886907e+01
-1.634801882953425434e+01
-1.635733056573875643e+01
-1.636509029862027376e+01
-1.636043511491883606e+01
-1.637595486084570240e+01
-1.638759460444678240e+01
-1.639302633246596486e+01
-1.639225115176316550e+01
-1.640544289527462496e+01
-1.641397863415988212e+01
-1.642251519090357093e+01
-1.643337892801786992e+01
-1.644191466448089045e+01
-1.644191550114369349e+01
-1.645122722313282537e+01
-1.645588291608695641e+01
-1.646441948954323564e+01
-1.647528321430829834e+01
-1.648381894620537125e+01
-1.649623552347014055e+01
-1.650399524430588727e+01
-1.652494755552358185e+01
-1.653193127693478459e+01
-1.654900388578604975e+01
-1.655676359492901994e+01
-1.657461187527355406e+01
-1.657849157575111931e+01
-1.662349992511357044e+01
-1.549130934819677918e+01
-1.551924607915671217e+01
-1.552234971414203812e+01
-1.551691732885403141e+01
-1.552079700185609212e+01
-1.554951006048285578e+01
-1.554019734313299139e+01
-1.557201445734414769e+01
-1.554174901651123797e+01
-1.557279007740102728e+01
-1.557356571047752425e+01
-1.557434136783797207e+01
-1.561003848282700979e+01
-1.560926209953703747e+01
-1.559684538197078041e+01
-1.563409449940950324e+01
-1.563254211432436946e+01
-1.567056652139414297e+01
-1.568686249222096052e+01
-1.568453410881489596e+01
-1.575747937333858673e+01
-1.572255851531536130e+01
-1.571945412888424087e+01
-1.574739053014037538e+01
-1.582266341038157975e+01
-1.578386255317557740e+01
-1.584749542585406346e+01
-1.580714257090595609e+01
-1.587853540500454486e+01
-1.591578342637427212e+01
-1.599416094680136347e+01
-1.595303144926523409e+01
-1.603528896494380973e+01
-1.606167297791854054e+01
-1.616410499326271122e+01
-1.619126500484744113e+01
-1.630689085006353167e+01
-1.633637885847305427e+01
-1.637440283244269779e+01
-1.640233883973796480e+01
-1.643105085871602355e+01
-1.646209087427481421e+01
-1.654589964080178888e+01
-1.555571741389680440e+01
-1.557356542566469670e+01
-1.559762137854061947e+01
-1.561469337806647317e+01
-1.570859027162101285e+01
-1.575980629308864778e+01
-1.592975126186194323e+01
-1.645433097874179040e+01
-9.983237293101261400e+00
-1.001272528130717632e+01
-1.004376527013431186e+01
-1.007325325692059081e+01
-1.008954907620204011e+01
-1.009575722385781127e+01
-1.012446921236108821e+01
-1.014386920465332409e+01
-1.012291772530523914e+01
-1.016326904209232751e+01
-1.017180518839249714e+01
-1.015706171052629436e+01
-1.019275715738465138e+01
-1.018189367800455791e+01
-1.021914113927228662e+01
-1.021293366264841396e+01
-1.023931730352074609e+01
-1.022612583446916013e+01
-1.024242164661003507e+01
-1.025949346643281679e+01
-1.024475001665922314e+01
-1.026880528890852240e+01
-1.025794181871861177e+01
-1.027423763077118224e+01
-1.028742945222430549e+01
-1.027734200170140788e+01
-1.028510178382404661e+01
-1.029518959523608146e+01
-1.029131016863192194e+01
-1.030915741599039137e+01
-1.030372596414551012e+01
-1.031381376691372687e+01
-1.032700557825439347e+01
-1.032545415074399742e+01
-1.033631794847605789e+01
-1.034640575094966586e+01
-1.035649356453160763e+01
-1.035727013467861468e+01
-1.036813393114478998e+01
-1.037744573354964217e+01
-1.038055032739867656e+01
-1.039063811547927507e+01
-1.039762191433907113e+01
-1.040383053134115698e+01
-1.039994969728483554e+01
-1.040693428789330000e+01
-1.041469407705742967e+01
-1.042245387579219695e+01
-1.043952626925153915e+01
-1.044651005897006613e+01
-1.045349385835050349e+01
-1.047211825121467399e+01
-1.047910204215887298e+01
-1.049229468191563086e+01
-1.050005402963650880e+01
-1.051557466977659416e+01
-1.052643821953444814e+01
-1.052333399749872100e+01
-1.054273463693010449e+01
-1.054971840577072406e+01
-1.055282218887226620e+01
-1.057222285677676510e+01
-1.057687861686508413e+01
-1.060636683525508062e+01
-1.061102259517775614e+01
-1.061490236696091394e+01
-1.063973506896640053e+01
-1.064283881263887999e+01
-1.064594257488205287e+01
-1.067620704618766325e+01
-1.067853479262060645e+01
-1.067155053311470070e+01
-1.070569500125233020e+01
-1.070491874992326942e+01
-1.072897473513703659e+01
-1.076699922752003502e+01
-1.076389496571858295e+01
-1.080191920682902484e+01
-1.082675119188639101e+01
-1.085623914627010933e+01
-1.086865513840312225e+01
-1.019275760204964065e+01
-1.023155753889941089e+01
-1.026104550679754013e+01
-1.027501349007607345e+01
-1.033942188620811109e+01
-1.035494186944609041e+01
-1.037123785679901111e+01
-1.033476543273907033e+01
-1.040150182840849169e+01
-1.043331780081120108e+01
-1.060869463180891614e+01
-1.069871115504786374e+01
-1.071345513707853669e+01
-1.067310256758331377e+01
-1.076622308762387625e+01
-1.081666303651980598e+01
-1.000496504054549263e+01
-1.003910898861648349e+01
-1.018111767921749689e+01
-1.025794157567050924e+01
-1.029984553282843329e+01
-1.056058218105308555e+01
-4.542694923218186354e+00
-4.578390844623132061e+00
1.709519238945985009e+00
1.775478874965065401e+00
1.731247089238918235e+00
1.708743198531859298e+00
5.685722933489037345e+00
5.673306893442785714e+00
5.666323029458625982e+00
5.654682984884084718e+00
5.660115274830182841e+00
5.653907183039898143e+00
5.641491139312479142e+00
5.633731390928250704e+00
5.620539348044244932e+00
5.612003283848396862e+00
5.613555601710234377e+00
5.601139550286338142e+00
5.590275495505715675e+00
5.578635770759483137e+00
5.568547709136176138e+00
5.557683656433662911e+00
5.553804008345148091e+00
5.548371807867042094e+00
5.545268171176068961e+00
5.538283750879394063e+00
5.530524121006747507e+00
5.530523991819705110e+00
5.521211927292981159e+00
5.514228305960124032e+00
5.495604161354062711e+00
5.490172078368239283e+00
5.477756480903414271e+00
5.463788315767190262e+00
5.435852936881565789e+00
5.441284425651979895e+00
5.427316845922309341e+00
5.420332755890862053e+00
5.398605112705691766e+00
5.393173008558662218e+00
5.392396876702349573e+00
5.375325080696269353e+00
5.370668981235411366e+00
5.349717464518684906e+00
5.343509359218066912e+00
5.339629250296982654e+00
5.335749148953126131e+00
5.310917646649894408e+00
5.308589524738232868e+00
5.303933420598918147e+00
5.273669821267914060e+00
5.270565704802371521e+00
5.269789583059910854e+00
5.236421996626363651e+00
5.242629823882349882e+00
5.204606132116064821e+00
5.205382001022039518e+00
5.169686296565267902e+00
5.133214469190929385e+00
1.718831148828391164e+00
1.974909673412394540e+00
1.952405786359049156e+00
2.193740445891502411e+00
1.917485962331527904e+00
2.160372614137052949e+00
1.898086059943022708e+00
2.137868727985488881e+00
2.244180128885731484e+00
2.109932868728169986e+00
2.222452231803025757e+00
2.084324991752110279e+00
2.192964380877371777e+00
2.060269114009625646e+00
2.166580514888172715e+00
2.275995898371626858e+00
2.151060592912985570e+00
2.257371992952847073e+00
2.359027416389404053e+00
2.113036786257764810e+00
2.224780157966677496e+00
2.525866441099416271e+00
2.210812222724335641e+00
2.316347625943973920e+00
2.415675060328617008e+00
2.497930582338620642e+00
2.399379143059501285e+00
2.477754684855413281e+00
5.646923182608434288e+00
5.600363404770059006e+00
5.584843476830370967e+00
5.396276880898948747e+00
5.308589587239278096e+00
5.275997733519657729e+00
5.330317186494475834e+00
5.224781966684822976e+00
1.893430105497151184e+00
1.873254208663961862e+00
2.068805092444846228e+00
2.314795626308483456e+00
1.107189374926474557e+01
1.104240594580139678e+01
1.101136615430332988e+01
1.100903834282427241e+01
1.098575832112892670e+01
1.096092646652413372e+01
1.093299065192103470e+01
1.095704683115599742e+01
1.090505483459471492e+01
1.092600703443247134e+01
1.089419108167665051e+01
1.087634302570819855e+01
1.089651922709252574e+01
1.087168720696279856e+01
1.085616713334452221e+01
1.087246336048450779e+01
1.084452738116961790e+01
1.082978330483406992e+01
1.085616765565059083e+01
1.084219956063620494e+01
1.081891954660096644e+01
1.081271175260711281e+01
1.079098372795545302e+01
1.081426411032214574e+01
1.078244794970519749e+01
1.077080783674496445e+01
1.079098423509379145e+01
1.076149605997619041e+01
1.073433623491017030e+01
1.074985668200945454e+01
1.071726452700390908e+01
1.070640041384483432e+01
1.072036886910006004e+01
1.069864082932226879e+01
1.068855270923551970e+01
1.068855307244169595e+01
1.066604918985802364e+01
1.064897711890877829e+01
1.063500938600180845e+01
1.062026530197664265e+01
7.458860693196356806e+00
7.411524976590815328e+00
7.498436274767394494e+00
7.472052431716795340e+00
7.562843710885430504e+00
7.554307737822552049e+00
7.438684606266503963e+00
7.527147898202126264e+00
7.610955223265676750e+00
7.599315291271685702e+00
7.680794635154819971e+00
7.483692157013685176e+00
7.573707441613144908e+00
7.474380209943783271e+00
7.554307556895388132e+00
7.745202056945361235e+00
7.545771583584469866e+00
7.637338865169384761e+00
7.728130155660741352e+00
7.520939729994941203e+00
7.609403028771730249e+00
7.701746310053632527e+00
7.775465705243248316e+00
7.587675156090467610e+00
7.768481745110318748e+00
7.756065817489629310e+00
7.826681232578494019e+00
7.571379250015101370e+00
7.661394521148661596e+00
7.738217896723403655e+00
7.652082575583468937e+00
7.727353959949828877e+00
7.801849349384943899e+00
7.887984678926175164e+00
7.627250719842486149e+00
7.707178075063843004e+00
7.872464768120385870e+00
7.871688772180386984e+00
7.687778186967866745e+00
7.759169595066344627e+00
7.848408904509779127e+00
7.742873663304868259e+00
7.835992950417902669e+00
7.723473774108700951e+00
7.818145051692974690e+00
7.708729858970405857e+00
7.802625139635877005e+00
7.885656486291869882e+00
7.785553237663934922e+00
7.863928608476239646e+00
7.835992740326911843e+00
