-6.043068053191609579e+01
-6.042734578888969565e+01
-6.053738740261090356e+01
-6.040844964647580184e+01
-6.051293363641048728e+01
-6.040622643427302307e+01
-6.051071041908048187e+01
-6.039955714061758840e+01
-6.050959871974060889e+01
-6.039733393216592816e+01
-6.029951894064804918e+01
-6.050181790101040491e+01
-6.038399538309687387e+01
-6.068522102474484825e+01
-6.028284584046736683e+01
-6.048514478810428585e+01
-6.037954913961617365e+01
-6.028062264403666148e+01
-6.047847548199241885e+01
-6.078970489438612645e+01
-6.037399135102784697e+01
-6.066521324086431832e+01
-6.047625225083190514e+01
-6.077747794672902160e+01
-6.036732205449038702e+01
-6.065743240255653035e+01
-6.088974268284448499e+01
-6.047291751183976771e+01
-6.076969709165403799e+01
-6.035398350187814742e+01
-6.064298231591222077e+01
-6.054516726603364418e+01
-6.086417735783928151e+01
-6.045624439660006999e+01
-6.075080090301227642e+01
-6.063742450777816373e+01
-6.097866516846561069e+01
-6.053405186873379762e+01
-6.085639649754109826e+01
-6.045179812000355923e+01
-6.074302004974232005e+01
-6.063186670543439760e+01
-6.096421514629395233e+01
-6.053182862188874935e+01
-6.085083866104506001e+01
-6.073746223714977788e+01
-6.108314906926430865e+01
-6.062630889990292360e+01
-6.095976884147459884e+01
-6.073079297643501917e+01
-6.107536826022506204e+01
-6.062075116286708010e+01
-6.095421109111978808e+01
-6.082305015762544542e+01
-6.118318688005255979e+01
-6.071411983025518566e+01
-6.105091443697422449e+01
-6.060630108185699783e+01
-6.093309184239594600e+01
-6.081860384933531805e+01
-6.116429075163188855e+01
-6.070967355413080924e+01
-6.104202203052998499e+01
-6.092308791542296831e+01
-6.081082299122968493e+01
-6.116095595613023050e+01
-6.070633876519278260e+01
-6.103201808564980269e+01
-6.092308770187258915e+01
-6.080526516418954230e+01
-6.115206353370045633e+01
-6.102757177720728521e+01
-6.091308377545458796e+01
-6.112427513073987484e+01
-6.100422946900159360e+01
-6.089752215224247323e+01
-6.111760575578816201e+01
-6.100089468296525297e+01
-6.122431293886528181e+01
-6.110982486153518067e+01
-6.099422531954535032e+01
-6.121875509012539140e+01
-6.164113752767340770e+01
-6.099200211012025363e+01
-6.163002209600197290e+01
-6.109759771245123261e+01
-6.132768507301544503e+01
-6.175784830312989726e+01
-6.119096651563205569e+01
-6.159778755183300802e+01
-6.145106515887484022e+01
-6.131656958752093090e+01
-6.174117517291657009e+01
-6.118096255653941995e+01
-6.158667204644291360e+01
-6.144217271408413694e+01
-6.157555662819382292e+01
-6.143661492515899170e+01
-6.156777578760404879e+01
-6.142772255568511497e+01
-6.156444102696772092e+01
-6.141994171573871597e+01
-6.168448652480903860e+01
-6.168448643121164565e+01
-6.153109479340962196e+01
-6.167337092209486116e+01
-6.166114386977713480e+01
-6.195792284978364250e+01
-6.193235741914796222e+01
-6.192346502668576136e+01
-6.140771317620828995e+01
-5.897900145086204304e+01
-6.015946672564291475e+01
-6.010722443371471968e+01
-6.009944355400156724e+01
-6.007498967836124848e+01
-6.007054346969871972e+01
-6.006609726681146810e+01
-6.091641936063061280e+01
-6.042067587848487165e+01
-6.041289497579283818e+01
-6.061185933517113256e+01
-6.039844493004405024e+01
-6.085417316573339974e+01
-6.059963220069941769e+01
-6.058740529626587090e+01
-6.083083064064562961e+01
-6.080415359244504714e+01
-6.163891417368519399e+01
-6.131212365352340044e+01
-6.103757504745900775e+01
-6.130211966740822049e+01
-6.159778714468512817e+01
-6.159111773026011605e+01
-6.189901211402475667e+01
-6.187011223653838954e+01
-6.155332537522944136e+01
-6.186233126832397033e+01
-6.184121198592573876e+01
-6.182565033652997499e+01
-6.066299002646060501e+01
-6.065076305934062617e+01
-6.060852456313564574e+01
-5.107825814206189818e+01
-5.107270038225394160e+01
-5.107047725016444417e+01
-5.106936557652949915e+01
-5.106380782066916169e+01
-5.095376598066690832e+01
-5.115606497476050407e+01
-5.104602321200368920e+01
-5.094931974686466702e+01
-5.115161873712617080e+01
-5.104157697884095057e+01
-5.114272639803756704e+01
-5.104046531814969256e+01
-5.113939168367836885e+01
-5.103379603525266361e+01
-5.112271858878698083e+01
-5.101823447052644411e+01
-5.120941823885162592e+01
-5.111827234182182167e+01
-5.101601126708752076e+01
-5.120386045615946102e+01
-5.111827218993633437e+01
-5.120274877490189169e+01
-5.110937984576372628e+01
-5.118496415511843622e+01
-5.118385246379912701e+01
-5.126499430871375296e+01
-4.918420855787860546e+01
-4.929536181683929641e+01
-4.917642771943712887e+01
-4.905749365666382289e+01
-4.894856335969454619e+01
-4.928313487622675382e+01
-4.916975839668282333e+01
-4.905527044527958225e+01
-4.939984577689217815e+01
-4.893411329755400629e+01
-4.926312717525616591e+01
-4.883963284699056828e+01
-4.903526276375412607e+01
-4.937983807520954826e+01
-4.892744400381087644e+01
-4.926090395521747922e+01
-4.914419292556502938e+01
-4.949321442694525786e+01
-4.903192802726348987e+01
-4.936538807259152151e+01
-4.892633232213281502e+01
-4.924978852891988623e+01
-4.913641207676459288e+01
-4.948098745915012131e+01
-4.902414719121294695e+01
-4.936316483414607603e+01
-4.924423072872780693e+01
-4.913196581131083462e+01
-4.947209507548144103e+01
-4.902414702987533701e+01
-4.935427246360176667e+01
-4.922533456558259957e+01
-4.933537633502160702e+01
-4.922199987033148716e+01
-4.910528886257369408e+01
-4.944097198098357637e+01
-4.932759548013535777e+01
-4.921644207688262895e+01
-4.955323681662594737e+01
-4.943430264374680405e+01
-4.932314919715445711e+01
-4.968328606039955986e+01
-4.921088426491706969e+01
-4.954434441578455051e+01
-4.942763330914459630e+01
-4.931203376698903185e+01
-4.967550519197709491e+01
-4.953545202833664973e+01
-4.995449995925994102e+01
-4.940651407106145143e+01
-4.979110457020293268e+01
-4.965216288691929947e+01
-4.951322125212425362e+01
-4.992893458115107563e+01
-4.964549360101008801e+01
-4.950877502391074358e+01
-4.991781917896359033e+01
-4.977109676884370515e+01
-4.963993578031754339e+01
-5.006009530862841928e+01
-4.949988263102319763e+01
-4.990448065217269402e+01
-4.962882039167671877e+01
-5.004897990795721796e+01
-4.989225372534340153e+01
-4.962215110565756504e+01
-5.003786449501293987e+01
-4.975331194157010373e+01
-4.960770106941906477e+01
-5.001118765438884850e+01
-4.986891133277278243e+01
-4.973108116023315262e+01
-5.032575129703913319e+01
-5.001007591253474516e+01
-5.000451821574006317e+01
-4.999784898483526518e+01
-4.984445733728074401e+01
-5.030352037161127754e+01
-4.999006807870021163e+01
-5.026461650731616260e+01
-5.026128185233406498e+01
-5.024572016327688573e+01
-5.078592511482474237e+01
-5.023793940779136591e+01
-5.078036739651457765e+01
-5.075702498446475630e+01
-5.073368278714689694e+01
-5.072590184239815869e+01
-5.071034037815883266e+01
-5.071034028973195262e+01
-5.109493045947385070e+01
-5.105713813323892225e+01
-4.922533524522823001e+01
-4.891299422048384571e+01
-4.915308517756956519e+01
-4.914530435466084413e+01
-4.888409418342710921e+01
-4.911862740427104512e+01
-4.995338812998889466e+01
-4.934982591652908468e+01
-4.993893805587032375e+01
-4.933871044058240329e+01
-4.960325514201284136e+01
-4.957546669440814924e+01
-4.988002649220908324e+01
-5.017347097903362396e+01
-5.015568631231266039e+01
-5.124721012964431566e+01
-5.122831389467025076e+01
-4.891521717529428770e+01
-4.933092997617202968e+01
-4.173805867362194277e+01
-4.173472398446591569e+01
-4.184476567300347938e+01
-4.173250082216200951e+01
-4.183698487676578281e+01
-4.172360850785749165e+01
-4.181920027990831557e+01
-4.170471239138963426e+01
-4.181920015925004463e+01
-4.170360075209441675e+01
-4.161023186783310734e+01
-4.170248915569059989e+01
-4.200816091410558073e+01
-4.161023179410058503e+01
-4.181030776766310453e+01
-4.170360056713218455e+01
-4.200149163132849850e+01
-4.160689710774931882e+01
-4.169804285667044041e+01
-4.199815696086926664e+01
-4.159133560377371452e+01
-4.188255743817528298e+01
-4.179141155340637681e+01
-4.209819488912754792e+01
-4.168025826382836385e+01
-4.197926083182813528e+01
-4.187477663652714455e+01
-4.178585380817247596e+01
-4.209374865647116337e+01
-4.167914662901987555e+01
-4.196703391790158122e+01
-4.187144192918982810e+01
-4.219934429015572164e+01
-4.177807300708034433e+01
-4.207929868418140984e+01
-4.196703378339653767e+01
-4.186477265577192242e+01
-4.219267499583627767e+01
-4.177584983470515567e+01
-4.207262939324824913e+01
-4.196369908225591416e+01
-4.230049370592272595e+01
-4.185254566984340130e+01
-4.217377884899499918e+01
-4.205595630340818047e+01
-4.194480294612534976e+01
-4.227937450567521438e+01
-4.184809945197338976e+01
-4.216266344921567111e+01
-4.204928701246846856e+01
-4.239275085862306724e+01
-4.193924518473932039e+01
-4.227270519776681112e+01
-4.215710567335557357e+01
-4.204484077351845883e+01
-4.238719307203326991e+01
-4.193257590237507770e+01
-4.226492437387882006e+01
-4.215043638427542305e+01
-4.249834638939425702e+01
-4.203928300849689492e+01
-4.237496613663243750e+01
-4.225603201709975565e+01
-4.213154023091372835e+01
-4.248500785441537886e+01
-4.202260991149589131e+01
-4.235495844390541720e+01
-4.223713585185427632e+01
-4.259838424147275049e+01
-4.211931330153365138e+01
-4.247278090896677583e+01
-4.234384302495364949e+01
-4.223046655269351390e+01
-4.234050835176089578e+01
-4.222935492751453523e+01
-4.245388469057365910e+01
-4.233606209016008393e+01
-4.271509496020221519e+01
-4.222490867560851768e+01
-4.256503801015591648e+01
-4.244276927162930235e+01
-4.231716592674406741e+01
-4.268286045324322941e+01
-4.254503031100000499e+01
-4.242609615260489875e+01
-4.231160814213325239e+01
-4.267507959545817897e+01
-4.253502640940290291e+01
-4.295518592883985320e+01
-4.241942683299153316e+01
-4.266507568557247509e+01
-4.252391097970075862e+01
-4.294295894869672736e+01
-4.241498056877757961e+01
-4.278956735497074959e+01
-4.264840261780624786e+01
-4.308523512491320417e+01
-4.293406655162189622e+01
-4.264840249637821046e+01
-4.307523125225822014e+01
-4.250056858673013238e+01
-4.290627819689405698e+01
-4.290072044429554410e+01
-4.275288650798504619e+01
-4.262283704329831835e+01
-4.304077354061632832e+01
-4.302521203648123560e+01
-4.287404349849300189e+01
-4.273954789296082879e+01
-4.333866422376128469e+01
-4.302298880075051102e+01
-4.286737414717354966e+01
-4.333199492589056234e+01
-4.286181645764814618e+01
-4.331421036486166543e+01
-4.285070107168860432e+01
-4.330531808564225571e+01
-4.298964267761732572e+01
-4.328308726192155831e+01
-4.297408104918181948e+01
-4.311969185392431569e+01
-4.327975255507196550e+01
-4.325752173656427857e+01
-4.145906388457349578e+01
-4.141015617636141144e+01
-4.140015228587533613e+01
-4.138459068375681937e+01
-4.200593767873681372e+01
-4.137792144009863193e+01
-4.199926842615695222e+01
-4.199815682840959852e+01
-4.196592230693620706e+01
-4.193368766798005964e+01
-4.219267469050458885e+01
-4.192701833753724827e+01
-4.217822465390433706e+01
-4.191034526005663707e+01
-4.215932850410446520e+01
-4.213042856392063129e+01
-4.238830410119916792e+01
-4.212820534977204545e+01
-4.298630862990785317e+01
-4.265507184619862358e+01
-4.297074704164676007e+01
-4.263617560154570185e+01
-4.261839097018428646e+01
-4.292850848084995619e+01
-4.260505244912565104e+01
-4.322639917819815025e+01
-4.287626622495973550e+01
-4.319082992382017494e+01
-4.198148363846694764e+01
-4.197036822941682033e+01
-4.241831564761811535e+01
-4.239497331803124069e+01
-3.474429968490194653e+01
-3.471873432816187943e+01
-3.482432994653312619e+01
-3.471539965762252677e+01
-3.482544137487645486e+01
-3.471206498698733611e+01
-3.481988365010911934e+01
-3.470761879423599083e+01
-3.491769858961248474e+01
-3.480432211472653847e+01
-3.469428031554494396e+01
-3.489324483521972553e+01
-3.479876438390047610e+01
-3.469094564218265475e+01
-3.499217131092625266e+01
-3.488879862771945284e+01
-3.468983405101633366e+01
-3.498439054631006684e+01
-3.488657550849708855e+01
-3.479431811400385754e+01
-3.468427632934052696e+01
-3.498439044625193617e+01
-3.487768319072490897e+01
-3.478987190507449156e+01
-3.509998983728196720e+01
-3.467427242470777315e+01
-3.496327126850352585e+01
-3.486323318181980824e+01
-3.477319884466064082e+01
-3.507775912417428543e+01
-3.495993658151815708e+01
-3.485545238740172636e+01
-3.477097569117785270e+01
-3.506997831435440816e+01
-3.495549036448745994e+01
-3.485545228927103523e+01
-3.506219751985347699e+01
-3.495104415207042337e+01
-3.485322912955550123e+01
-3.517001621599643357e+01
-3.505886282755663075e+01
-3.493325955095191659e+01
-3.515223161482050784e+01
-3.503663211283372902e+01
-3.492770180708956218e+01
-3.514333926954087417e+01
-3.503218588965122393e+01
-3.513778152221325968e+01
-3.502885120442593347e+01
-3.524337717320937458e+01
-3.512888918946279659e+01
-3.522448102658731273e+01
-3.511443915748806432e+01
-3.522003471822193887e+01
-3.333932273904579802e+01
-3.362276371842028766e+01
-3.346937209565590621e+01
-3.332264964137401364e+01
-3.317592726085844390e+01
-3.359497531693880035e+01
-3.331042273911467078e+01
-3.374280922576299702e+01
-3.317592717856993545e+01
-3.359052911332150870e+01
-3.343602597448352043e+01
-3.330264191412535979e+01
-3.372947073471449642e+01
-3.357385604294387349e+01
-3.329486112714672430e+01
-3.372168994174118950e+01
-3.356718677924013150e+01
-3.370612839723082743e+01
-3.368723227355330607e+01
-3.353495217701107833e+01
-3.399846149902013792e+01
-3.367611684617011747e+01
-3.352050216764065738e+01
-3.366833604560036974e+01
-3.397067301318845978e+01
-3.365944366871226379e+01
-3.396178068331907696e+01
-3.365722052206979242e+01
-3.393843838171751059e+01
-3.392398835662653056e+01
-3.447975492847552914e+01
-3.391509597263097930e+01
-3.445863570012893717e+01
-3.444529724081399991e+01
-3.439194334831951494e+01
-3.437860488332324849e+01
-3.499884044195012223e+01
-3.497994431325523124e+01
-3.494548667390610319e+01
-3.492770208029459411e+01
-3.491992125250168755e+01
-3.490658276696628803e+01
-3.515334295686847099e+01
-3.333154183367047096e+01
-3.332931870554187270e+01
-3.329374958727908052e+01
-3.328263421722311222e+01
-3.358830571829884093e+01
-3.357163256469590351e+01
-3.384729252227453600e+01
-3.495771329700552599e+01
-2.315323924060216143e+01
-2.315101612741666059e+01
-2.314323536358872602e+01
-2.313990071474498222e+01
-2.301429744570666003e+01
-2.312322767397261458e+01
-2.311878150081853889e+01
-2.311433534402681289e+01
-2.343334553420392297e+01
-2.300651658866546256e+01
-2.311322375041606136e+01
-2.342223016645365163e+01
-2.309543918587701938e+01
-2.339999947457013008e+01
-2.309877370526870877e+01
-2.339666481571513401e+01
-2.318436183098832970e+01
-2.351448732138818087e+01
-2.339221862803545093e+01
-2.327439607181943515e+01
-2.362341760397045221e+01
-2.317769258926165321e+01
-2.350448348131430976e+01
-2.338554937827116476e+01
-2.327217294871280018e+01
-2.361563682506454853e+01
-2.348002972106919373e+01
-2.337221091869764322e+01
-2.371345178397713482e+01
-2.325438837109566492e+01
-2.359229458765071286e+01
-2.347891811978455934e+01
-2.336331860929008286e+01
-2.370567099375166009e+01
-2.358229074766713751e+01
-2.346891428047938888e+01
-2.335664936676850800e+01
-2.369677868160109568e+01
-2.357562149214498248e+01
-2.346224502746865426e+01
-2.381571274385313330e+01
-2.368788635947796450e+01
-2.357450988896990651e+01
-2.393353529846669403e+01
-2.344557197594822284e+01
-2.379237050009732712e+01
-2.367010176935415089e+01
-2.355561377040455895e+01
-2.378458970776259918e+01
-2.366565557111488971e+01
-2.354560992835430255e+01
-2.377569738868232463e+01
-2.365454019871918945e+01
-2.403357316627660722e+01
-2.365120555411377978e+01
-2.402912698821035065e+01
-2.376235889346467900e+01
-2.364009015760322896e+01
-2.400800781675728857e+01
-2.386461998950812813e+01
-2.374123972951533545e+01
-2.414028027150622790e+01
-2.399911548829784635e+01
-2.413027640671214868e+01
-2.398911162687870657e+01
-2.384572381320302625e+01
-2.426921805947286614e+01
-2.411471489170597948e+01
-2.397466164841989311e+01
-2.425476807167608584e+01
-2.410582255949929831e+01
-2.396021163543193211e+01
-2.422809121902373874e+01
-2.408136877836638234e+01
-2.407358800444184510e+01
-2.436369821571827288e+01
-2.421030658154860760e+01
-2.435480587954841880e+01
-2.434924816025442951e+01
-2.432590589606118670e+01
-2.432034821073244757e+01
-2.334998046106923653e+01
-2.331774591862078694e+01
-2.329996133983321016e+01
-2.328884599128749500e+01
-2.354449860024215724e+01
-2.353449477786291055e+01
-2.353116014181543392e+01
-2.326328061660423430e+01
-2.351893321549220417e+01
-2.350892935043892606e+01
-2.401134229896747740e+01
-2.432590616252677052e+01
-2.431479080496131573e+01
-2.397688465104695865e+01
-2.428811390604569453e+01
-2.426032548033876424e+01
-2.298650920564114841e+01
-2.295649775572198337e+01
-2.340111100617803430e+01
-2.334442267972123375e+01
-2.332552653363519468e+01
-2.373457052543376733e+01
-1.243806076227851420e+01
-1.242249927480416893e+01
7.054905077081588871e+00
7.139381656517347352e+00
7.193846806925134452e+00
7.213854404920529539e+00
6.880396541713386327e+00
6.989326834654588261e+00
6.880396520430551277e+00
6.990438348153436010e+00
6.648085961653201537e+00
6.784804610063290831e+00
6.903738711588625065e+00
6.668093544156432628e+00
6.791473783346120285e+00
6.904850212484276994e+00
6.548047881145743432e+00
6.675874253047830109e+00
6.795919887052965791e+00
6.556940118859198918e+00
6.681431889975123717e+00
6.804812130462662978e+00
6.438005991877361112e+00
6.682543401491015445e+00
6.291283514079968775e+00
6.803700574018575864e+00
6.443563639411923560e+00
6.582505352300589863e+00
6.705885590067775404e+00
6.321294904321833386e+00
6.591397592593866150e+00
6.708108623701857454e+00
6.334633280219263085e+00
6.600289836391874942e+00
6.041188318406017110e+00
6.604735950571143377e+00
6.205695319496639328e+00
6.351306238613155131e+00
6.053415159296591241e+00
6.214587558869112627e+00
6.375759958148313089e+00
6.234595152115282701e+00
6.377983003131681983e+00
5.930034870922046508e+00
6.093430332415972650e+00
6.245710458927194786e+00
6.387986777692077567e+00
5.945596313971213576e+00
6.101211037863329523e+00
6.253491162207224896e+00
5.958934688406414715e+00
6.117884016119278456e+00
6.263494937035403609e+00
5.968938459315282330e+00
6.140114666454224768e+00
6.003395986625948311e+00
6.150118438476389393e+00
6.011176689586782196e+00
6.021180463101763358e+00
7.213854418129423962e+00
7.706263959410380338e+00
7.721825426258659419e+00
7.937463055241039456e+00
7.742944556303315906e+00
7.957470648669783486e+00
7.761840632097189996e+00
7.973032115380673801e+00
8.079739397208408391e+00
7.996374320644456191e+00
8.116420007984212148e+00
8.031943393652241525e+00
8.137539140983479413e+00
8.045281788835955794e+00
8.150877532018066418e+00
8.254250219027380098e+00
8.168662073986403982e+00
8.268700153979072098e+00
8.365403635657326475e+00
8.187558128210156383e+00
8.290930816076302889e+00
8.567702839051104746e+00
8.317607623708251907e+00
8.414311105761738574e+00
8.505456916723169059e+00
8.588821967507591637e+00
8.521018387203085354e+00
8.602160364955789618e+00
6.827042890193366631e+00
6.840381247107311324e+00
6.849273505510574012e+00
6.342413942845014141e+00
6.026738275421204882e+00
6.047857388934498424e+00
6.371313763033933597e+00
6.074534157361064501e+00
7.699594745961089615e+00
7.707375478549142400e+00
7.983035911583317379e+00
8.446545599964025541e+00
1.675749291615296244e+01
1.676082747355885871e+01
1.676638510308820784e+01
1.666634704974163128e+01
1.676638505013029246e+01
1.678416956189003884e+01
1.678750411863340730e+01
1.657297808310813281e+01
1.678861559895289091e+01
1.657742416928053686e+01
1.669746983175312494e+01
1.679306169342092403e+01
1.657964718387756520e+01
1.671525434223075379e+01
1.680640005734124287e+01
1.659965476157929132e+01
1.671525428249646339e+01
1.680862307629023888e+01
1.651073207662336273e+01
1.660410085309389672e+01
1.671636576512032235e+01
1.660854693990092201e+01
1.671858878100004375e+01
1.641069396578408401e+01
1.661632763663994083e+01
1.673303868215587897e+01
1.642959000344248466e+01
1.663077753336554210e+01
1.663077747624393510e+01
1.631954805941487763e+01
1.653963170733862142e+01
1.663300048908904927e+01
1.632288260616813602e+01
1.644848593735774500e+01
1.654074317948677475e+01
1.633177483367629890e+01
1.634733625973751714e+01
1.646404730131111194e+01
1.635178233758120570e+01
1.646627031405739672e+01
1.794349439725915829e+01
1.797684034895629424e+01
1.805798240807576249e+01
1.807910152040082252e+01
1.815913207311595556e+01
1.818692041147529892e+01
1.812912051147776538e+01
1.820692797972247945e+01
1.828140083811483052e+01
1.829585077536114568e+01
1.836698903179327047e+01
1.824138547189264159e+01
1.831696988146246241e+01
1.825805848923000241e+01
1.833030825750608273e+01
1.847703097611145751e+01
1.835698505852516149e+01
1.842923488409658006e+01
1.850037318631529359e+01
1.837921570608246569e+01
1.845035397913463271e+01
1.851926921416115945e+01
1.858262670454907806e+01
1.847147310004653065e+01
1.859818819623950148e+01
1.860374583149377514e+01
1.866488024492424813e+01
1.849481531244089538e+01
1.857484585018274004e+01
1.863709181463564590e+01
1.858929579588829384e+01
1.865154175208230924e+01
1.871378771341962732e+01
1.877381066860002079e+01
1.861041489970278562e+01
1.867377240715256193e+01
1.878714904781875461e+01
1.879381826681886025e+01
1.869600306820242608e+01
1.875602594204247708e+01
1.881493736933333949e+01
1.878937192647878263e+01
1.884828337049374625e+01
1.881160258234291760e+01
1.887051403340160860e+01
1.882494096503974745e+01
1.888385240950008281e+01
1.894054074466107096e+01
1.890608307771116259e+01
1.896165984961375273e+01
1.900945575723303094e+01
