4.590388339999999801e+01 1.102841352000000086e+01 2.324647999999999968e+02
4.590368343000000095e+01 1.102822053999999952e+01 2.344705999999999904e+02
4.590368259000000251e+01 1.102822199999999953e+01 2.344458999999999946e+02
4.590368197000000094e+01 1.102822381000000007e+01 2.344307000000000016e+02
4.590368131000000318e+01 1.102822575999999977e+01 2.344232000000000085e+02
4.590386824000000132e+01 1.102855032000000080e+01 2.253103999999999871e+02
4.590386605999999858e+01 1.102855384000000072e+01 2.251984999999999957e+02
4.590386724999999757e+01 1.102855643999999913e+01 2.239947999999999979e+02
4.590384611000000348e+01 1.102853136000000056e+01 2.251120999999999981e+02
4.590384207999999688e+01 1.102852814000000059e+01 2.250699999999999932e+02
4.590384231000000170e+01 1.102853082999999934e+01 2.250272999999999968e+02
4.590383642999999836e+01 1.102852827999999974e+01 2.260132000000000119e+02
4.590383630000000181e+01 1.102853041000000012e+01 2.259742999999999995e+02
4.590383565999999860e+01 1.102853177999999978e+01 2.259344000000000108e+02
4.590383446999999961e+01 1.102853166999999956e+01 2.259040999999999997e+02
4.590383347000000214e+01 1.102853194999999964e+01 2.258720999999999890e+02
4.590383805999999822e+01 1.102854443999999923e+01 2.257866999999999962e+02
4.590383699000000206e+01 1.102854478000000071e+01 2.257514999999999930e+02
4.590367421999999920e+01 1.102824389000000060e+01 2.338121999999999900e+02
4.590381485000000339e+01 1.102849658000000055e+01 2.249492999999999938e+02
4.590371092000000175e+01 1.102827208999999975e+01 2.264082999999999970e+02
4.590381450999999657e+01 1.102849576000000020e+01 2.239363999999999919e+02
4.590371119999999650e+01 1.102827259000000026e+01 2.259028000000000134e+02
4.590370628000000153e+01 1.102826637000000076e+01 2.263919999999999959e+02
4.590382764999999665e+01 1.102854757999999968e+01 2.254382999999999981e+02
4.590382816000000332e+01 1.102855392999999928e+01 2.253415999999999997e+02
4.590370304000000345e+01 1.102826358000000084e+01 2.263564000000000078e+02
4.590380756999999790e+01 1.102851154000000022e+01 2.254889000000000010e+02
4.590370175999999702e+01 1.102826267000000016e+01 2.263365000000000009e+02
4.590370107999999760e+01 1.102826224999999916e+01 2.263256000000000085e+02
4.590370047999999770e+01 1.102826199000000074e+01 2.263137000000000114e+02
4.590370041999999984e+01 1.102826285999999989e+01 2.262948000000000093e+02
4.590380560999999915e+01 1.102850336000000020e+01 2.235398000000000138e+02
4.590381949999999733e+01 1.102856144999999977e+01 2.260817000000000121e+02
4.590380705999999833e+01 1.102852545000000006e+01 2.252236000000000047e+02
4.590380582000000231e+01 1.102850873999999948e+01 2.234296999999999969e+02
4.590367063000000059e+01 1.102825162999999975e+01 2.327948000000000093e+02
4.590380248000000307e+01 1.102851129999999991e+01 2.243179000000000087e+02
4.590370030999999784e+01 1.102826463999999973e+01 2.257779999999999916e+02
4.590383048999999716e+01 1.102860045999999983e+01 2.257857999999999947e+02
4.590378386999999805e+01 1.102847876000000049e+01 2.253685999999999865e+02
4.590367057000000273e+01 1.102825288999999920e+01 2.323516999999999939e+02
4.590380189999999772e+01 1.102851968000000049e+01 2.241324999999999932e+02
4.590382917000000162e+01 1.102860609000000025e+01 2.256482000000000028e+02
4.590379963000000174e+01 1.102853391999999921e+01 2.259026000000000067e+02
4.590378196000000344e+01 1.102848338999999989e+01 2.252225999999999999e+02
4.590379836999999696e+01 1.102851850000000056e+01 2.240501999999999896e+02
4.590379861000000261e+01 1.102851322999999972e+01 2.231268000000000029e+02
4.590377992999999890e+01 1.102848320000000015e+01 2.251622000000000128e+02
4.590366965999999849e+01 1.102825383000000059e+01 2.318627999999999929e+02
4.590379362000000185e+01 1.102852932000000052e+01 2.257830999999999904e+02
4.590377835999999689e+01 1.102848415000000060e+01 2.250943000000000040e+02
4.590378322000000111e+01 1.102848247000000015e+01 2.233602999999999952e+02
4.590379364000000351e+01 1.102853520000000032e+01 2.256829999999999927e+02
4.590369050000000328e+01 1.102825643999999983e+01 2.261279999999999859e+02
4.590368996000000124e+01 1.102825628999999985e+01 2.261143999999999892e+02
4.590367044999999990e+01 1.102825331999999925e+01 2.310244999999999891e+02
4.590377675999999951e+01 1.102848949000000012e+01 2.249413999999999874e+02
4.590378015999999661e+01 1.102848408999999918e+01 2.232323000000000093e+02
4.590382195000000110e+01 1.102862288000000035e+01 2.251210000000000093e+02
4.590377720000000039e+01 1.102848715999999918e+01 2.240408999999999935e+02
4.590381613000000272e+01 1.102862147999999998e+01 2.261753999999999962e+02
4.590368674999999854e+01 1.102825226000000036e+01 2.260952000000000055e+02
4.590380181999999820e+01 1.102858510999999986e+01 2.262410999999999888e+02
4.590368604999999746e+01 1.102825149999999965e+01 2.260889999999999986e+02
4.590380073000000039e+01 1.102858514000000056e+01 2.262016000000000133e+02
4.590368529999999936e+01 1.102825057999999991e+01 2.260842000000000098e+02
4.590380067000000253e+01 1.102858808000000046e+01 2.261528000000000134e+02
4.590368459999999828e+01 1.102824986999999979e+01 2.260768999999999949e+02
4.590379965999999712e+01 1.102858855999999932e+01 2.261091000000000122e+02
4.590368403000000086e+01 1.102824932999999952e+01 2.260696000000000083e+02
4.590367006999999688e+01 1.102825404999999925e+01 2.301407000000000096e+02
4.590377124999999836e+01 1.102849488000000022e+01 2.246519000000000119e+02
4.590368283000000105e+01 1.102824838999999990e+01 2.260507000000000062e+02
4.590367044999999990e+01 1.102825364999999991e+01 2.297346000000000004e+02
4.590375939999999844e+01 1.102846717000000076e+01 2.247923000000000116e+02
4.590368167999999827e+01 1.102824752999999980e+01 2.260312000000000126e+02
4.590368252999999754e+01 1.102824694000000072e+01 2.256414000000000044e+02
4.590375422000000327e+01 1.102846607999999939e+01 2.255362000000000080e+02
4.590368057999999962e+01 1.102824664999999982e+01 2.260137000000000000e+02
4.590367004000000151e+01 1.102825327000000044e+01 2.292958999999999889e+02
4.590367820000000165e+01 1.102824496000000032e+01 2.263848000000000127e+02
4.590366971000000262e+01 1.102825340000000054e+01 2.292760000000000105e+02
4.590367768000000126e+01 1.102824455000000015e+01 2.263745999999999867e+02
4.590367069999999927e+01 1.102825338000000066e+01 2.288959999999999866e+02
4.590367708000000135e+01 1.102824391999999953e+01 2.263661999999999921e+02
4.590367965000000083e+01 1.102824835000000014e+01 2.259432999999999936e+02
4.590378808999999904e+01 1.102859074000000028e+01 2.256457000000000050e+02
4.590367857999999757e+01 1.102824239000000084e+01 2.256179999999999950e+02
4.590374495999999738e+01 1.102845360999999968e+01 2.254254999999999995e+02
4.590367093999999781e+01 1.102825378000000001e+01 2.284824000000000126e+02
4.590367555000000266e+01 1.102824290000000040e+01 2.263326999999999884e+02
4.590367048000000239e+01 1.102825351000000076e+01 2.284656999999999982e+02
4.590367498999999896e+01 1.102824236000000013e+01 2.263238000000000056e+02
4.590378426000000189e+01 1.102860131999999993e+01 2.264909000000000106e+02
4.590374858999999930e+01 1.102845379999999942e+01 2.238070999999999913e+02
4.590376933999999665e+01 1.102854626999999965e+01 2.256731000000000051e+02
4.590367651999999765e+01 1.102824078999999990e+01 2.255870999999999924e+02
4.590374166000000145e+01 1.102845334999999949e+01 2.253085000000000093e+02
4.590367599999999726e+01 1.102824033999999997e+01 2.255802999999999940e+02